0.6550374520130832
0.6550374520130832
0.03851110530745599
0.148428867431612
0.31353601317495383
0.6550374520130832
0.03851110530745599
0.148428867431612
0.148428867431612
0.31353601317495383
0.6550374520130832
0.03851110530745599
0.03851110530745599
0.148428867431612
0.31353601317495383
0.6550374520130832
0.6550374520130832
0.03851110530745599
0.148428867431612
0.148428867431612
0.31353601317495383
0.6550374520130832
0.6550374520130832
0.03851110530745599
0.148428867431612
0.31353601317495383
0.31353601317495383
0.6550374520130832
0.03851110530745599
0.148428867431612
0.148428867431612
0.31353601317495383
0.6550374520130832
0.03851110530745599
0.03851110530745599
0.148428867431612
0.31353601317495383
0.31353601317495383
0.31353601317495383
0.6550374520130832
0.03851110530745599
0.148428867431612
0.148428867431612
0.31353601317495383
0.6550374520130832
0.6550374520130832
0.03851110530745599
0.148428867431612
0.31353601317495383
0.31353601317495383
