12.116757613962076
9.212119451999708
7.906086715027119
5.9201451445684645
8.74557123583538
11.488198496776741
7.836492713019279
8.04593853425688
6.204942953210512
6.788770320816253
9.427940734445293
8.0615690558643
6.224365438663041
6.572396910327292
9.35993664668588
8.07175812588848
8.07175812588848
6.26147381366814
6.378251666745864
7.026456867335015
8.353943179350411
9.541309207137557
3.1490270670926455
3.1490270670926455
6.89617082790963
7.511096679399685
9.632179827954754
2.9208372306126016
6.787000358192207
7.624938386253114
8.10518933911128
8.10518933911128
11.646030580022227
7.645831137151887
9.471996357361158
7.454093954118029
11.488198496776741
7.836492713019279
6.468973397415457
8.016589298375335
11.333805441329032
8.03034752243765
8.03034752243765
8.0615690558643
6.224365438663041
6.572396910327292
9.35993664668588
9.35993664668588
8.07175812588848
6.26147381366814
